0 0.62578125 0.9390625 0.02421875 0.01953125
0 0.53515625 0.796875 0.02578125 0.01484375
0 0.5375 0.6671875 0.02109375 0.01484375
0 0.38203125 0.7796875 0.02265625 0.01484375
0 0.21640625 0.8796875 0.02734375 0.0203125
0 0.24375 0.69765625 0.021875 0.01953125
0 0.4421875 0.5984375 0.01328125 0.00859375
0 0.76015625 0.79765625 0.025 0.01796875
0 0.94609375 0.7328125 0.02109375 0.02109375
0 0.79453125 0.5859375 0.01484375 0.01328125
0 0.71171875 0.634375 0.02109375 0.00859375
0 0.49375 0.553125 0.01640625 0.01015625
0 0.5359375 0.45234375 0.0109375 0.009375